[-12,0,0,0,0,0,0,0,0,0,0,0,0,0,0,0,0,0,0,0,0,0,0,0,0,0,0,0,0,0,0,0,0,0,0,0,0,0,0,0,0,0,0,0,0,0,0,0,0,0,0,0,0,0,0,0,0,0,0,0,0,0,0,0,0,0,0,0,0,0,0,0,0,0,0,0,0,0,0,0,0,0,0,0,0,0,0,0,0,0,0]
1
[-49,-45,-42,-41,-40,-39,-39,-39,-38,-36,-34,-34,-33,-33,-32,-31,-29,-28,-26,-26,-24,-21,-20,-20,-18,-16,-16,-14,-11,-7,-6,-5,-4,-4,-3,-3,-2,-2,-1,0,0,0,2,2,6,7,7,8,10,10,13,13,15,15,16,17,17,19,19,20,20,20,21,21,22,22,24,24,25,26,27,29,30,30,30,35,36,36,36,37,39,40,41,42,45,46,46,46,47,48]
90
[4,0,0,0,0,0]
1
[1,2,3,5,6]
5
[0,0,0,0,0]
0
[1,2,3,4,5]
5
[2,0]
1
[1]
1
[0]
0
[1]
1
[1,2,3,0,0,0]
3
[2,5,6]
3
[-1,0,0,3,3,3,0,0,0]
6
[1,2,2]
3